Best Hyperparameters from Optuna Study
============================================================

Best Validation Accuracy: 0.5318

image_size = 128
embedding_dim = 32
batch_size = 4
learning_rate = 0.006066417876484235
weight_decay = 0.00010454567981551968
triplet_margin = 1.3900895506025566
scheduler_gamma = 0.3366250983293157
